.Random.seed <-
c(403L, 10L, -1537625344L, 1284613699L, 726384097L, 898648400L, 
-362561618L, 1562162521L, 1723356011L, -132918566L, -1443478628L, 
-2001846369L, 1451312629L, -1428166516L, -262805150L, 1409131837L, 
1213343159L, -291474850L, 428200856L, 1662679803L, 100512409L, 
-1952842968L, 629008854L, -1234266543L, -675179261L, -1211823982L, 
-129483228L, -336961305L, -1598442179L, 1355764148L, -10555878L, 
-1350496923L, 1142109183L, 774148742L, -2050731504L, 1595812019L, 
419226449L, -2118480128L, -525230626L, -1998969303L, 62688731L, 
-1314712854L, -421576564L, 59961295L, -829757563L, -257752004L, 
-540875502L, 400519693L, -1096562361L, -27026642L, -865470840L, 
-1621082229L, 938815337L, -378871496L, 1923013606L, -1146565759L, 
1491526419L, -658273086L, 971745140L, 1760447351L, 1973734509L, 
-788405500L, -2144863702L, 475830165L, -2144330705L, 1096398134L, 
1049099616L, 2057452451L, -830350143L, -844014416L, -953680946L, 
-1129324743L, 223690571L, 1604013306L, -891628036L, 62113343L, 
820034325L, -813492180L, -158594814L, -798727715L, 1336852695L, 
1883540414L, -2060255752L, 739617243L, -164911047L, 677515656L, 
-1577042634L, -984266895L, 738964899L, -543463182L, -2071702460L, 
232787719L, 682507997L, 2139094996L, -811143430L, 866988613L, 
-1428544865L, 2022330406L, -1093487440L, -1058024109L, -909897615L, 
-720147040L, 1194680638L, -1926885303L, 82400507L, 1579318474L, 
-1347452372L, 250050095L, 1691662053L, 1311636380L, 1519029746L, 
25778285L, 545960359L, 1634911182L, -331814616L, -1575675093L, 
-2031896247L, -951996840L, 1188929286L, 1243925217L, 345882227L, 
-621877534L, 1444928084L, 1388520279L, 14387021L, -1220207900L, 
1310188234L, 2073656117L, -7229041L, -1472117098L, -1247943104L, 
1111645955L, 1608308513L, -1932492784L, 92395502L, 225941401L, 
-303419349L, -1981659878L, -456079396L, 188418527L, -923103819L, 
1903008588L, 1715157410L, -1482557187L, 1654957559L, 15311646L, 
1949081048L, -72894661L, -1769299751L, 1628220520L, 420762006L, 
-1577938671L, 1841218243L, -1363330350L, -1469265052L, -1052770649L, 
745302013L, -1716674060L, 1954991834L, -11046875L, 1714978111L, 
1636209350L, 2050604880L, -856285325L, -620830319L, -1645857856L, 
1549669790L, -2091800727L, -987585637L, 1519389354L, -2142460724L, 
1598299535L, -1654769211L, 287849852L, -270088750L, -2136899251L, 
613417991L, 128824302L, 1102191304L, 631395787L, 844779561L, 
-1828489608L, 1648399270L, -423496255L, -845966765L, 1010850050L, 
-674197452L, 756148663L, 645660077L, -1223354684L, 543537898L, 
-447726251L, 1344533231L, -67088138L, -74977248L, 1737626083L, 
805073537L, 2077351152L, 2085163918L, 65694969L, 602085003L, 
1835853498L, -1827116612L, 989600511L, -1086087595L, 785033580L, 
1145895362L, -675974627L, 1197714071L, -1224563714L, 2058387384L, 
-809028709L, 1473550841L, -2024363704L, -2065181578L, -746094159L, 
-1903562781L, 258927794L, -1568235260L, -235795897L, 1527885085L, 
-820356204L, 1867927354L, -1008422011L, -1932089249L, -370386202L, 
-2113756816L, -475633005L, -2039000271L, -360763012L, -1637097520L, 
96151842L, -1906245976L, -1975417972L, -1332878148L, 911968050L, 
1300886080L, -620704588L, 1920672840L, 1941479866L, 395677200L, 
-184588052L, -1403068076L, 1870962450L, 2126124448L, 161589964L, 
-90134944L, 1331240898L, 1117141800L, 1122882988L, 1365948732L, 
-1540626574L, 36952368L, -1402155228L, 1077095736L, -105338150L, 
-39082096L, -32115972L, 1074425748L, 1870207042L, -1529430784L, 
-588843972L, -816982704L, 918128802L, 1488451400L, -1193718004L, 
1621486300L, 1771805522L, 2068882048L, -647952300L, -1485761560L, 
-1681447174L, 1782436176L, -1215304916L, -1283698828L, -1734628462L, 
2087444064L, -1381531764L, 1580491616L, 1365868514L, 464314280L, 
762291404L, 1973521916L, 1683858354L, 621859312L, 617329092L, 
-76553896L, 1958577530L, 2063983024L, -125685828L, -613515180L, 
-693976126L, -256353248L, 1219648700L, -408141232L, -1806497822L, 
1604628072L, -471319988L, 756343036L, 1753042930L, -1186507520L, 
-1713565836L, -414085112L, 425561530L, 678495696L, -1608057876L, 
1094995860L, 948298706L, -1474594976L, -923300532L, -1953137376L, 
-1839651966L, -1108884760L, -1123474196L, 1982739004L, 1230738290L, 
527133296L, -619233244L, -1042772168L, 844969114L, -803431728L, 
-1414068036L, -1679198572L, -1110929790L, -1186157376L, -577126084L, 
337008784L, -1365183966L, 25275912L, 926312716L, 1982118556L, 
1536865810L, -233749120L, -544160236L, -893927896L, 302052666L, 
-462493744L, 226140780L, -706818252L, 1362119314L, -1261721248L, 
-523380404L, 1059946464L, -1357846622L, 1289154472L, 1012831116L, 
-600672580L, 984128370L, 1536620784L, 804663364L, -527913640L, 
218227770L, 2083003248L, 413969468L, -1486392556L, -1184620094L, 
1779204320L, -506607748L, -329496880L, 857429666L, 721513512L, 
2133815564L, -683131972L, -1853924046L, 396449728L, -201309644L, 
-1048331320L, -1104911174L, -2097131632L, 745799148L, 203579476L, 
1347899026L, -2108837088L, 2053461452L, 1526545376L, -731878718L, 
-1268372952L, 1193215660L, 1095166652L, 1883830770L, 233466160L, 
-1459856220L, 2064190136L, 1266103130L, 1215518096L, 222871932L, 
908866836L, 1618997570L, -849020160L, 1226185660L, 411935568L, 
-1288152798L, 1088126280L, 1193314316L, 363823196L, -482628398L, 
-1799862272L, -1536476332L, -803132952L, -1753800710L, -1476174128L, 
-1912179412L, 591499508L, 963770258L, -2075747232L, 924658956L, 
-616399136L, 327064930L, 2084303528L, 688745036L, 46483324L, 
-863175886L, -2102745488L, -1440510652L, -444326952L, 2088378490L, 
662976048L, 1813222076L, 525870932L, 725045826L, 424842144L, 
-464392004L, -1550267952L, 752022882L, -1814742040L, 1129840588L, 
-1863952644L, 678027250L, -1481429888L, -592905996L, -1158130552L, 
-1984076486L, -1885281456L, 749669484L, 151933076L, 1559411026L, 
1794688736L, 463536332L, 186675360L, 1270477186L, 607908072L, 
-1659821844L, 55083068L, -1531625358L, -2122995600L, -1862542812L, 
539394616L, 1690849818L, 614037712L, 210359868L, 926209172L, 
-574724990L, 550809536L, -231893700L, 359556752L, -977421278L, 
1976559764L, -162509534L, -844141513L, -1407818495L, 700581894L, 
-1638220220L, -1571207307L, 606444255L, 1257678392L, 1292219926L, 
-1298666973L, 211338725L, 260152322L, -234717584L, -706188263L, 
1277857291L, -1577693956L, -1928142550L, -1191544993L, 1934374633L, 
-1745504770L, 99682796L, 609513789L, 366764295L, 988557552L, 
1795509390L, 1602774715L, -956582243L, 102044234L, 808276072L, 
-1143234479L, -1196338365L, 1903720004L, -1597160206L, -1924472633L, 
2128573073L, 931777558L, 1940002420L, -780996347L, 1328402255L, 
347785544L, -1129474842L, 1263421971L, 996101493L, 1687073106L, 
-973022816L, 1053986953L, 2066856123L, 366457612L, 908038810L, 
-803882993L, 1831820377L, -1399590674L, 622343036L, -323018771L, 
580901015L, -408370336L, -657890498L, -1360090101L, 198413453L, 
1307839930L, -1161518088L, 856702881L, -1821779629L, -910469004L, 
-1539986942L, 1443267735L, 122168929L, 2059071142L, 783980196L, 
-1267023019L, -1225170945L, 208240280L, -1384627274L, -693630909L, 
1374421381L, 426213922L, 1645816080L, -686909255L, -1936867989L, 
1861379164L, -1902474870L, 445390207L, -517812023L, 2044568926L, 
1064146444L, -287061539L, 1164482791L, 957226256L, -444369874L, 
-1356092709L, -1608811587L, 1284551978L, -414537272L, 1680717553L, 
-1348528029L, 952605796L, 2099629970L, 1146438759L, 1074727985L, 
-242018954L, 135426708L, -526610267L, -1414855249L, 151961192L, 
-433732026L, -757185549L, -1331272875L, -1012675278L, -818560768L, 
-1004537367L, -1898288037L, 1438418604L, 19345594L, 901466735L, 
1140611065L, -306932082L, -1969809572L, -1981289523L, 453806903L, 
-1314369088L, -1173723490L, -19566741L, 14186221L, -300833958L, 
-2006515688L, 1012084097L, 1916205875L, 1647618388L, -1767515294L, 
-293292041L, 1188804673L, -1890997050L, -1589327356L, 1781269941L, 
18832031L, 1194687224L, -1161703722L, 778345315L, -353283291L, 
-2075828030L, 1228139952L, -931607079L, -1613042869L, -646456900L, 
1111112170L, 2045378079L, -903455575L, -2009873346L, 101457196L, 
